
        V1                 V2                V3                   V4
1  subject           activity     tBodyAccMeanX        tBodyAccMeanY
2        1            WALKING 0.277330758736842  -0.0173838185273684
3        1   WALKING_UPSTAIRS 0.255461689622641  -0.0239531492643396
4        1 WALKING_DOWNSTAIRS 0.289188320408163 -0.00991850461020408
5        1            SITTING 0.261237565425532 -0.00130828765170213
6        1           STANDING 0.278917629056604  -0.0161375901037736
7        1             LAYING     0.22159824394     -0.0405139534294
8        2            WALKING 0.276426586440678  -0.0185949199145763
9        2   WALKING_UPSTAIRS 0.247164790395833  -0.0214121132045833
10       2 WALKING_DOWNSTAIRS  0.27761534806383  -0.0226614158361702
11       2            SITTING  0.27708735173913  -0.0156879937282609
12       2           STANDING 0.277911472222222  -0.0184208270166667
13       2             LAYING 0.281373403958333  -0.0181587397583333
14       3            WALKING 0.275567462068966  -0.0171767844203448
15       3   WALKING_UPSTAIRS 0.260819873067797  -0.0324109410555932
16       3 WALKING_DOWNSTAIRS 0.292423484693878  -0.0193554079328571
17       3            SITTING 0.257197599134615 -0.00350299841730769
18       3           STANDING 0.280046513278689  -0.0143376555065574
19       3             LAYING 0.275516852741935  -0.0189556785048387
20       4            WALKING 0.278582015166667  -0.0148399475341667
21       4   WALKING_UPSTAIRS 0.270876696730769  -0.0319804295729615
22       4 WALKING_DOWNSTAIRS 0.279965329555556 -0.00980200850666667
23       4            SITTING     0.27153827992      -0.007163065158
24       4           STANDING 0.280499745892857 -0.00948911098553571
25       4             LAYING 0.263559214981481  -0.0150031841055556
26       5            WALKING     0.27784234625  -0.0172850317482679
27       5   WALKING_UPSTAIRS 0.268459469914894  -0.0325269755153191
28       5 WALKING_DOWNSTAIRS  0.29354392712766 -0.00850107533191489
29       5            SITTING 0.273694139545455 -0.00990083527045455
30       5           STANDING 0.282544390892857 -0.00700418554517857
31       5             LAYING 0.278334325576923  -0.0183042123269231
32       6            WALKING 0.283658868070175  -0.0168954189082456
33       6   WALKING_UPSTAIRS 0.268229355098039  -0.0272425385070588
34       6 WALKING_DOWNSTAIRS 0.277045258145833   -0.019536840063125
35       6            SITTING 0.276778487454545  -0.0145911615290909
36       6           STANDING 0.280346248596491  -0.0181236327175439
37       6             LAYING 0.248656520140351  -0.0102529170561404
38       7            WALKING 0.275592961754386   -0.018653665345614
39       7   WALKING_UPSTAIRS 0.248706923078431  -0.0275639005607843
40       7 WALKING_DOWNSTAIRS        0.28030708  -0.0166332372978723
41       7            SITTING 0.284674637291667    -0.01461097580375
42       7           STANDING 0.282723539433962  -0.0145740341037736
43       7             LAYING 0.250176694038462  -0.0204411516884615
44       8            WALKING        0.27468631  -0.0186628865310417
45       8   WALKING_UPSTAIRS 0.258880152048781  -0.0282415136341463
46       8 WALKING_DOWNSTAIRS 0.283484089210526  -0.0211058674973684
47       8            SITTING 0.267491472934783 -0.00672550621304348
48       8           STANDING 0.279620986111111  -0.0148113067148148
49       8             LAYING 0.261254282907407  -0.0212281733881481
50       9            WALKING 0.278502842115385  -0.0180891971284423
               V5                  V6                   V7
1        tBodyAccMeanZ        tBodyAccStdX         tBodyAccStdY
2   -0.111148103547368  -0.283740258842105    0.114461336747368
3  -0.0973020020943396   -0.35470802509434 -0.00232026501698113
4   -0.107566190908163  0.0300353383483878  -0.0319359434489796
5   -0.104544182255319  -0.977229008297872   -0.922618641914894
6   -0.110601817735849  -0.995759901509434   -0.973190056415094
7       -0.11320355358       -0.9280564692       -0.83682740562
8   -0.105500357966102  -0.423642838474576  -0.0780912533118644
9   -0.152513899520833  -0.304376406458333    0.108027279889583
10  -0.116812942382979  0.0463666814446808    0.262881788951064
11  -0.109218272456522  -0.986822279565217   -0.950704499130435
12  -0.105908536055556  -0.987271889259259   -0.957304989259259
13  -0.107245610416667  -0.974059464791667       -0.98027739875
14  -0.112674859827586  -0.360356726034483  -0.0699140652103448
15  -0.110064863437288  -0.313123437627119   0.0116280813372881
16  -0.116139842908163 -0.0574100475102041  -0.0331503723387755
17 -0.0983579203269231  -0.971010120961538   -0.856617812115385
18  -0.101621722633148   -0.96674254295082   -0.893449307213115
19  -0.101300477506452  -0.982776639193548   -0.962057544516129
20      -0.11140306485  -0.440829971333333  -0.0788267367683333
21  -0.114219455519231  -0.204933042903846  -0.0666899105180769
22       -0.1067775246  0.0111935496222222       -0.21859832499
23      -0.10587459588        -0.980309931       -0.89022398108
24 -0.0961574905535714         -0.97692058       -0.86159737875
25  -0.110688150314815  -0.954193738888889   -0.941714042407407
26  -0.107741776464286  -0.294098534232143   0.0767484028053571
27  -0.107471453914894 -0.0457237779851064    0.185022459476596
28  -0.100319930659574   0.275046110468085   0.0907630761042553
29  -0.108540300265909  -0.980945022045455   -0.904335121022727
30  -0.102171095696429  -0.968591815714286   -0.869439913392857
31  -0.107937603673077  -0.965934509615385   -0.969295613269231
32  -0.110303165877193  -0.296538717368421    0.164213884996491
33  -0.122082438784314 -0.0501350188513725    0.189276117327451
34  -0.107209356208333   0.383681639791667    0.360164958768542
35  -0.110127728709091  -0.980164933636364   -0.923682131090909
36  -0.112172831947368  -0.981758159649123   -0.921493191754386
37  -0.133119570368421  -0.934049422052632   -0.924644826385965
38  -0.110912234947368  -0.327243240701754  -0.0772618561052631
39  -0.143769688803922   -0.29487297445098    -0.32616002254902
40  -0.096938308587234  0.0660815600978723   -0.138179072734043
41     -0.122464597625  -0.972668374583333   -0.909454698541667
42 -0.0997778303207547  -0.979307570377358   -0.923400921886792
43  -0.101361036576923         -0.93651361   -0.926262668653846
44  -0.107252090833333  -0.173605736002083    0.380782052708333
45   -0.11512211995122  -0.171712174634146    0.348768733170732
46  -0.107598135394737  0.0241393473736842    0.343826273105263
47  -0.104461049130435  -0.979026152391304   -0.927331997021739
48  -0.106114996837037  -0.988815418148148   -0.938479429074074
49  -0.102245365611111   -0.94304121537037          -0.93489116
50  -0.110820512307692  -0.238353562692308   -0.201696960826923
                    V8                 V9                 V10
1         tBodyAccStdZ   tGravityAccMeanX    tGravityAccMeanY
2   -0.260027902210526  0.935223201473684  -0.282165021263158
3  -0.0194792388471698   0.89335109754717  -0.362153364339623
4   -0.230434213204082  0.931874418979592  -0.266610338979592
5    -0.93958629106383  0.831509933404255   0.204411592680851
6   -0.979775876981132  0.942952000377358  -0.272983832264151
7      -0.826061401628     -0.24888179828       0.70554977346
8   -0.425257524915254   0.91301733338983         -0.34660709
9   -0.112121021220833  0.790717418541667  -0.416214890416667
10   -0.10283790806383  0.861831345531915  -0.325780100638298
11   -0.95982817173913  0.940477273043478  -0.105630024498783
12  -0.949741851296296  0.896928566851852  -0.370062696851852
13     -0.984233296875    -0.509754238125      0.752536639375
14  -0.387411994310345  0.936506743275862  -0.261986357931034
15  -0.369754604067797  0.883533436101695  -0.382851153728814
16  -0.362240245489796  0.939057787755102  -0.228829214285714
17  -0.875110175384615  0.901098984615385   0.127303379245962
18  -0.911419015081967   0.93503077852459  -0.301735130327869
19   -0.96369103483871 -0.241758478064516   0.837032099677419
20  -0.586252806833333  0.963999696833333 -0.0858540265666667
21  -0.372137777692308  0.946264314423077  -0.232944304615385
22  -0.479185977111111  0.947731858666667 -0.0620852772955556
23       -0.9322030066       0.8693030064   0.211622539936894
24  -0.896880538392857      0.95619779125 -0.0759009061071429
25  -0.962667314814815 -0.420664662222222   0.915165104259259
26      -0.45702143625  0.972624959821429  -0.100440285303571
27  -0.308938978787234  0.936821834893617  -0.265942569148936
28  -0.325891435319149  0.956649352553192 -0.0607578318319149
29  -0.926094740227273  0.880731443863636         0.168445524
30  -0.869327321785714  0.960188699107143      -0.03871012665
31  -0.968562516346154 -0.483470597692308   0.954890346153846
32  -0.504324207192982  0.958067455087719  -0.214694852280702
33  -0.353519514896078  0.913632241568627  -0.340732608823529
34  -0.320204232520417  0.928531455208333     -0.214046334375
35  -0.925797097090909  0.933692934909091  0.0682628663363636
36  -0.925692371929825  0.945139003859649  -0.230251036140351
37  -0.925216100350877  -0.47670987877193   0.956593814210526
38   0.159631283261403  0.932566472280702  -0.159097003684211
39  -0.145665025639216         0.81874656  -0.240950944117647
40 -0.0636402447755319  0.930623632765957   -0.12987167306383
41    -0.8565329414375     0.969147824375 0.00608846646041667
42  -0.917064168490566  0.958728687924528  -0.117607048924528
43  -0.952978365961539 -0.502814250576923   0.393444278076923
44    -0.1420885318125  0.913586347916667  -0.217102194583333
45   0.121187278790244  0.860368718780488  -0.291341491707317
46        0.1337170395  0.914023498421053  -0.187610243421053
47  -0.939553030217391  0.832453878043478   0.240095117065217
48  -0.926065255185185  0.957669921111111 -0.0904603488214815
49  -0.932491454407407 -0.405930036111111   0.589922434814815
50 -0.0579636469030769  0.951867079615385 -0.0314341738730769
                    V11                V12                V13
1      tGravityAccMeanZ    tGravityAccStdX    tGravityAccStdY
2          -0.068102864 -0.976609642526316 -0.971305961473684
3    -0.075402939754717 -0.956367027924528 -0.952849233207547
4   -0.0621199585938775 -0.950559811632653 -0.937018658979592
5     0.332043702765957 -0.968457145744681 -0.935517055957447
6    0.0134905823226415  -0.99376298509434 -0.981225957924528
7          0.4458177198      -0.8968300184     -0.90772000676
8    0.0847270871186441 -0.972693201355932 -0.972116879661017
9    -0.195888238891667 -0.934407739791667     -0.92376745375
10  -0.0438890162723404 -0.940361759574468 -0.940068525531915
11     0.19872676876087 -0.979988760869565 -0.956750273043478
12    0.129747161222222 -0.986685818703704  -0.97419442037037
13    0.646834879583333 -0.959014441458333 -0.988211865208333
14   -0.138107866258621  -0.97777159137931 -0.962355639482759
15   -0.162943955254237 -0.944040819322034 -0.909825953898305
16   -0.102352758040816 -0.950061129591837 -0.946094637755102
17    0.139020582461538 -0.957324457884615 -0.903923008269231
18    0.024763106752459 -0.982020428032787 -0.957425321803279
19     0.48870318516129 -0.982512193064516 -0.981202749677419
20    0.127764112666667 -0.983826494833333       -0.967963221
21   0.0841675382884615 -0.958495235576923 -0.923376019038462
22    0.148714808888889 -0.955258881333333 -0.932066041111111
23        0.11012048108      -0.9814052948     -0.93272710386
24    0.166893825946429 -0.972908355892857 -0.917613464821429
25    0.341531310555556 -0.921199965925926 -0.969816635740741
26  0.00247623628392857 -0.979348381428571 -0.961585474821429
27  -0.0232035364248936  -0.95357996893617 -0.900511719787234
28   0.0216777910246191 -0.950490938510638 -0.912363420851064
29    0.143006857611364 -0.983137541590909 -0.939942979795454
30    0.138638436607143 -0.974088206071429 -0.931973943392857
31    0.263644691923077 -0.945695336153846 -0.985964053846154
32   0.0331888826842105 -0.977779896491228 -0.964248568070175
33  -0.0184608964392157 -0.959399425098039 -0.912900683137255
34 -0.00307981704708333      -0.9544062675     -0.93357760125
35   0.0695219657167273 -0.988872369272727 -0.960875994727273
36   0.0139193473596491 -0.985583066842105  -0.96844910122807
37    0.175867709021053 -0.887746310350877 -0.959161956491228
38   -0.160846924029807 -0.979851271403509 -0.969404155087719
39   -0.403599709607843 -0.932823053333333 -0.939774255490196
40   -0.154935538544681 -0.964875962978723 -0.952678693617021
41   0.0649636250354167 -0.957082433333333 -0.945436264583333
42  -0.0516573721320755 -0.987917503962264 -0.966162998679245
43    0.907537823461538 -0.914221270096154 -0.955543549230769
44   -0.186267836962021 -0.974752050208333    -0.956781505625
45   -0.192306960631707 -0.926673287804878 -0.931032068536585
46   -0.141817934963684 -0.945766561578947 -0.941580934473684
47    0.263895185521739 -0.966757967173913 -0.937462301369565
48  -0.0979392024814815 -0.987690217222222 -0.958904114074074
49    0.719831539259259 -0.918873192333333 -0.957990036481482
50   -0.115856121080385 -0.980971973653846 -0.971242423076923
                  V14                V15                   V16
1     tGravityAccStdZ  tBodyAccJerkMeanX     tBodyAccJerkMeanY
2  -0.947717226105263 0.0740416333157895    0.0282721095884211
3  -0.912379410377358  0.101372729922642    0.0194863076188679
4  -0.895939695102041 0.0541553164897959    0.0296504490408163
5  -0.949040933191489 0.0774825199574468 -0.000619102785106384
6  -0.976324063584906 0.0753766542264151   0.00797573092830189
7      -0.85236629022       0.0810865342       0.0038382040088
8  -0.972072847627119 0.0618080696279661    0.0182492679288136
9     -0.878004056875 0.0744507839572917  -0.00970985514333333
10 -0.931438313191489  0.110040615569574  -0.00327959081489362
11 -0.954415873043478 0.0722564387173913    0.0116954511323913
12 -0.945927078703704 0.0747588597592593    0.0103291774794444
13    -0.984230418125 0.0825972511666667     0.012254788451875
14       -0.952091795 0.0814745882660345          0.0100591485
15 -0.909469675084746 0.0426880986186441    0.0397249270484746
16 -0.899943947755102 0.0725689294489796    0.0109707769183673
17 -0.897736318269231 0.0726098418653846   0.00272529134230769
18 -0.928161577377049 0.0750900622277049   0.00771663644590164
19 -0.964807543870968 0.0769811125806452    0.0138041011306452
20       -0.962968112 0.0783529082183333   0.00295602428666667
21 -0.919619453269231 0.0560971909634615    0.0234018993153846
22 -0.937753794444444 0.0971862748866667   0.00563780215111111
23      -0.9509492546       0.0784500239      -0.0108582171094
24 -0.899404775267857 0.0721328379857143  -0.00653015693773214
25 -0.976176608888889 0.0934494217777778   0.00693313213968519
26 -0.964580803928571 0.0845888833571429   -0.0163194101232143
27        -0.92141958 0.0795443483829787    0.0140130363106383
28 -0.927192732978723  0.109650600459574    0.0137618233808511
29 -0.945008999545455 0.0749577410909091  -0.00278773346136363
30 -0.914608495714286 0.0725189859107143  -0.00221990214464286
31       -0.977076645 0.0848164824230769   0.00747460829615385
32 -0.957205025789474 0.0699585876912281   -0.0164831715964912
33 -0.906196352156863         0.07210675   0.00371343419607843
34 -0.934378766458333  0.103681343708333   0.00987685807166667
35 -0.955475832363636 0.0754721635223636  2.55649800000023e-06
36 -0.942795062280702 0.0730699604561404   0.00871883993421053
37 -0.928130738421053 0.0963481955263158  -0.00114529240245614
38 -0.952159770526316 0.0901462649192983    0.0184322723280702
39 -0.881675909607843 0.0724649938509804 -0.000812387078431372
40  -0.92875646893617 0.0968926184638298   -0.0191061075170213
41 -0.868602535416667    0.0668519793125    0.0116863419310417
42 -0.939161014716981 0.0751915112830189   0.00694700354075472
43 -0.961908984423077 0.0968904018076923    0.0250624183634615
44 -0.956640104791667 0.0703393490833333  -0.00603947514583333
45 -0.876168930487805 0.0813816809395122     0.014120592097561
46 -0.897190012631579  0.118938088342105   -0.0380193846210526
47 -0.935475331521739 0.0786713761086957  -0.00657516306713044
48 -0.918293913703704 0.0753739045185185   0.00814951727462963
49  -0.94183626337037 0.0878326902592593    0.0233299159137037
50 -0.955523995576923 0.0704357270480769    0.0212255910017308
                     V17                 V18                 V19
1      tBodyAccJerkMeanZ    tBodyAccJerkStdX    tBodyAccJerkStdY
2   -0.00416840617789474  -0.113615602435789  0.0670025007684211
3    -0.0455625449113208  -0.446843887735849  -0.378274426037736
4    -0.0109719730183673  -0.012283860544898  -0.101601390640816
5   -0.00336779235021277  -0.986430711276596  -0.981371965319149
6   -0.00368524954709434  -0.994604542264151   -0.98564873245283
7         0.010834236361        -0.958482112       -0.9241492736
8    0.00789533706610169  -0.277530462620339 -0.0166022362847458
9          0.01948143925  -0.276121886479167  -0.185648954220833
10   -0.0209351677765957   0.147249143238298   0.126828014557447
11   0.00760546929869565  -0.988055854130435  -0.977983955434783
12  -0.00837158846722222  -0.981085715555556   -0.97105943962963
13     -0.00180264895625      -0.98587216875      -0.98317254125
14  -0.00562264594827586   -0.26867964387931 -0.0449619594258621
15    0.0208205538101695  -0.458364616949153  -0.251680364540678
16  -0.00202727978142857 -0.0858010042244898  -0.111439194979592
17  -0.00423348373557692  -0.974467390384615  -0.953631390961538
18  -0.00807177934114754  -0.957086489344262  -0.941686785737705
19  -0.00435625874355645   -0.98087931483871  -0.968710724677419
20 -0.000767679338333334  -0.297042612533333  -0.221165131581667
21   0.00340280836730769  -0.380488027307692  -0.281543175326923
22  -0.00729137766444444  -0.145759708684667  -0.146242294857778
23      -0.0121499951596       -0.9767421962       -0.9445961056
24   -0.0211889890567857  -0.972586541964286  -0.938354677857143
25  -0.00641054328740741  -0.978302781111111  -0.942209488333333
26  8.32159351785732e-05     -0.302891024625 -0.0910397428607143
27    -0.025590953282766  -0.223896564340426  -0.125026612744681
28    0.0213397664446809  0.0322415501638298  0.0473612314702128
29   0.00338609594827273  -0.975204850227273  -0.952786261136364
30   -0.0122812220569643  -0.962647080178571  -0.931217140714286
31  -0.00304067159653846  -0.983307862115385  -0.964560430961538
32  -0.00738931200701754  -0.132784766936842 0.00808897373684211
33  -0.00237816579411765  -0.180301156098039 -0.0413994646723529
34  -0.00932470617291667   0.165271070858333   0.276544029529167
35   0.00623727782090909  -0.969929476363636  -0.945143686181818
36  -0.00481712245438596  -0.973132635789474  -0.949362277017544
37   0.00328817288070175  -0.966341054736842  -0.933674494385965
38   -0.0210398551649123  -0.346026226140351 -0.0547448948245614
39  -7.4519666666666e-05  -0.415153115882353  -0.519897595686274
40   -0.0160390392510638  0.0285033927287234  -0.296279674759574
41    0.0162004141964583     -0.982158098125  -0.969458676458333
42   -0.0108420294035849  -0.976403544716981  -0.965810609622642
43   -0.0131653918205769  -0.980977756153846  -0.973093160192308
44    -0.000673798876875    -0.2586886278125   0.233987544458333
45   -0.0674583919268293  -0.186618895268293 -0.0123501104926829
46   -0.0394356157631579   0.250143724521053   0.288140718789474
47   -0.0106808920069565  -0.985188753695652  -0.980784606086957
48   0.00322153267648148  -0.989198879814815  -0.976442140740741
49   -0.0169218791344444  -0.973253042222222  -0.976520952037037
50   0.00414762740192308  -0.206733787961538  -0.276929933846154
                  V20                  V21                  V22
1    tBodyAccJerkStdZ       tBodyGyroMeanX       tBodyGyroMeanY
2  -0.502699788526316      -0.041830963526  -0.0695300462115789
3  -0.706593530943396    0.050549379754717   -0.166170015088679
4  -0.345735032326531  -0.0350781902989796  -0.0909371290204082
5  -0.987910804468085   -0.045350056512766  -0.0919241549361702
6  -0.992251177358491  -0.0239877347979245  -0.0593972209811321
7       -0.9548551108      -0.016553093978      -0.064486124088
8  -0.586090418983051  -0.0530258157347458  -0.0482382316949153
9       -0.5737463525  -0.0576912634583333  -0.0320883097395833
10 -0.340122023191489    -0.11594735287234 -0.00482329231914894
11  -0.98751821173913  -0.0454706620434783  -0.0599286797043478
12 -0.982841446481482  -0.0238623875712963  -0.0820396577592593
13    -0.988442014375       -0.01847660675   -0.111800824583333
14  -0.52948611637931  -0.0256405192517241  -0.0779150937413793
15 -0.708551711864407   0.0721980309322034   -0.139275405637288
16 -0.571735243061224    -0.13157327645102  -0.0139358043959184
17 -0.974661565961538  -0.0385365204807692       -0.07524100275
18 -0.973059634918033  -0.0246626070770492  -0.0585101918262295
19 -0.982093162903226  -0.0208170540330645  -0.0718507159435484
20      -0.7513913825     -0.0317982557795  -0.0726905278583333
21 -0.726495311923077   0.0393825198942308  -0.0859471683596154
22 -0.626646986888889   -0.102838822533333  -0.0704025952333333
23      -0.9790387658       -0.04944351156       -0.08943006108
24 -0.973054201071429  -0.0306449342357143      -0.061824850625
25 -0.978511984259259 -0.00923156347222222  -0.0930128180759259
26 -0.612895318571429  -0.0488919896632143  -0.0690135249642857
27  -0.63836903212766   0.0395191121489362   -0.117195551802128
28  -0.52265163787234   -0.068294569906383  -0.0707805998787234
29 -0.973436529545455  -0.0422355209795455  -0.0835484079545455
30 -0.963832118928571  -0.0322711902673214         -0.050987505
31 -0.985419368461538  -0.0218935013501923  -0.0798709596153846
32 -0.575777466491228   -0.025509618645614        -0.0744462466
33 -0.560830688235294  -0.0767406825588235  -0.0518981989072549
34 -0.336817322270833  -0.0960837437708333  -0.0341782208604167
35 -0.958572952545454  -0.0372442282830909  -0.0899083302550909
36 -0.967547241754386   -0.028251913022807  -0.0589823639438597
37 -0.959646055263158  -0.0079605026754386   -0.107218315054386
38 -0.149488514397895  0.00228835208526316  -0.0837113724842105
39  -0.60780843627451   -0.138778108029412       -0.00247161973
40 -0.347107758021277   -0.105409612961702   -0.049717460606383
41 -0.972256472708333    -0.04963797197125    -0.03361196465625
42 -0.972060053207547  -0.0291582212545283  -0.0774336443396226
43 -0.972983064230769 -0.00282641913096154   -0.133605695057692
44 -0.383200596479167   0.0235088228254167      -0.095791790535
45 -0.447518179097561     0.19270447595122   -0.204205356087805
46      -0.0135136269   -0.121189625973684  -0.0500760173342105
47 -0.985285807173913  -0.0547396987173913  -0.0955089236521739
48 -0.982610899259259  -0.0219671978203704  -0.0280117633814815
49  -0.96608757462963  0.00535361206851852  -0.0891374138592593
50 -0.409764526153846  -0.0808360598653846  -0.0625598710615385
                   V23                V24                 V25
1       tBodyGyroMeanZ      tBodyGyroStdX       tBodyGyroStdY
2   0.0849448173042105 -0.473535485894737 -0.0546077686594737
3   0.0583595463981132 -0.544871104528302 0.00410518379811321
4   0.0900850142030612 -0.458030542938775  -0.126349194938775
5   0.0629313811914894 -0.977211283191489  -0.966473895319149
6          0.074800751 -0.987191946603774         -0.98773444
7        0.14868943626     -0.87354386782       -0.9510904402
8   0.0828336633220339 -0.561550255762712   -0.53845366779661
9   0.0688374021666667 -0.439253058958333  -0.466298336666667
10   0.097173808906383 -0.320789230008511  -0.415739144893617
11  0.0412277462173913 -0.985742027826087  -0.978919526956522
12  0.0878351695481481 -0.972998629814815  -0.971441996481481
13   0.144882846104167 -0.988275232916667  -0.982291608958333
14  0.0813485942827586 -0.571869560172414  -0.563793260172414
15        0.0215603697 -0.456039262525424  -0.582742845932203
16   0.123826738353061 -0.261653414014286  -0.546740387959184
17  0.0940113975530769 -0.965434768461538  -0.944854571346154
18  0.0665262054098361 -0.900462227540984  -0.927788618196721
19   0.137999561112903 -0.974545752096774  -0.977272653709677
20  0.0805677161216667       -0.500916659  -0.665394092833333
21  0.0843753843384615 -0.454431043269231  -0.551185569230769
22       0.05926394948 -0.370244695288889  -0.699453537111111
23       0.10115033478      -0.9701317904       -0.9584681204
24  0.0755636430892857 -0.909687974464286  -0.949227146964286
25   0.169720404092593 -0.973102422222222  -0.961109291851852
26  0.0815435495892857 -0.490877497857143  -0.504622029821429
27  0.0424442819489362 -0.443342262340426  -0.440345826382979
28  0.0806559989574468  -0.46064684487234  -0.409134149148936
29  0.0823934451590909       -0.966225485  -0.950064068181818
30  0.0690945763946429 -0.910395222321429  -0.933738104107143
31   0.159894366942308 -0.979498706538461  -0.977427370576923
32  0.0838808799280702 -0.446020952631579  -0.331702267894737
33  0.0664234025976471 -0.321973723647059  -0.315799901607843
34  0.0870012595210417  -0.19830385328125         -0.18922957
35  0.0854346006181818 -0.957367681818182  -0.944130044727273
36  0.0767394745964912 -0.947561298596491   -0.94248658631579
37   0.179102058245614 -0.955378225087719  -0.943634949473684
38  0.0641104602035088 -0.503313517017544   -0.23109830545614
39   0.139217071509804 -0.363853236862745  -0.572996820784314
40   0.116894769042766       -0.407744096   -0.29262613606383
41  0.0259476655145833 -0.941870953333333  -0.944124336458333
42  0.0851045000566038 -0.945247687358491  -0.949646946792453
43   0.155920029769231      -0.9601268225  -0.945071935384615
44  0.0509657915395833   -0.1992097184375       -0.2119972775
45 -0.0724546025804878 -0.367428367219512 -0.0666980861414634
46   0.114143855152368 -0.258430885531579  0.0243131207736842
47  0.0716048809782609 -0.984524052826087   -0.97150069673913
48         0.063688907 -0.972990379814815  -0.969421045555556
49    0.13818830737037 -0.965204017592593  -0.952039385740741
50   0.111629779896154 -0.476163506730769  -0.467054167884615
                   V26                 V27                 V28
1        tBodyGyroStdZ  tBodyGyroJerkMeanX  tBodyGyroJerkMeanY
2   -0.344266629473684 -0.0899975423705263 -0.0398428709463158
3    -0.50716867490566  -0.122232768011321 -0.0421485884509434
4   -0.124702454242857 -0.0739592036271429 -0.0439902783367347
5   -0.941425920851064 -0.0936793807234043 -0.0402118124255319
6   -0.980645626981132 -0.0996092129056604 -0.0440627877924528
7        -0.9082846626     -0.107270949192      -0.04151728689
8   -0.481085535084746 -0.0818833429152542 -0.0538299449067797
9   -0.163995791679167 -0.0828858001333333 -0.0424053708458333
10  -0.279418388042553 -0.0581038498510638 -0.0421470257531915
11  -0.959803708695652 -0.0936328412826087 -0.0415602029130435
12  -0.964856701851852  -0.105562157888889  -0.042241953537037
13  -0.960306560416667  -0.101974134208333 -0.0358590176083333
14  -0.476696411551724 -0.0952398165017241 -0.0387874651724138
15  -0.492327305084746  -0.115510569491525 -0.0400372510491525
16   -0.44230776755102 -0.0778701650285714 -0.0391567930959184
17  -0.926413710384615  -0.103605889057692 -0.0360909881807692
18   -0.91236408147541 -0.0994602620655738 -0.0472415819016393
19  -0.963505609032258   -0.10004449883871 -0.0389771765322581
20        -0.662608226     -0.115321556475 -0.0393474489133333
21  -0.360811047884615       -0.1314720713 -0.0390508828865385
22  -0.498480800444444 -0.0921282734666667 -0.0348434913444444
23       -0.9279722294      -0.09694948424     -0.041848389996
24  -0.909995038571429  -0.103057894142857 -0.0461257201357143
25        -0.962073755  -0.105019877685185 -0.0381230432222222
26  -0.318700615178571 -0.0888408355267857 -0.0449559531089286
27   -0.26545133312766  -0.143029686361702 -0.0559895777393617
28  -0.227869042382979  -0.110149008255319 -0.0708296588478723
29  -0.940637937045455 -0.0889747665681818 -0.0454702982386364
30  -0.907471555714286 -0.0922249863035714 -0.0399108188821429
31  -0.960583776923077        -0.102114125 -0.0404446925288462
32  -0.383139334736842 -0.0878891090105263 -0.0362308971842105
33   -0.18390018167451 -0.0652024492378431 -0.0457705354509804
34 -0.0940797929729167 -0.0256452232354167 -0.0768089915604167
35  -0.939681350909091 -0.0936693524363636 -0.0333986700025455
36  -0.947782155964912  -0.103292534210526 -0.0428828304736842
37  -0.939141878596491  -0.111267284631579 -0.0424104289992982
38  -0.396013535263158  -0.123654199751333 -0.0447766029745614
39  -0.348980051411765 -0.0856640866647059 -0.0482219105196078
40  -0.401051415531915 -0.0597273512680851 -0.0381904275744681
41  -0.937021208541667 -0.0938155625083333       -0.0396444885
42  -0.951630777358491 -0.0901539662169811 -0.0412797611886792
43  -0.955294890576923  -0.105944243484615 -0.0358897425826923
44 -0.0754447842395833  -0.135886431360417 -0.0314880905541667
45   0.337526477436585   -0.15544567414878  -0.027919577097561
46  -0.129565242710526 -0.0349283489710526 -0.0534969692794737
47  -0.959623548478261 -0.0923150250434783 -0.0402673770652174
48  -0.974118322407407        -0.097757576 -0.0485190684259259
49   -0.96758975462963  -0.106445008314815 -0.0389735198722222
50  -0.265683521346154 -0.0809204094461538 -0.0356283427038462
                   V29                V30                 V31
1   tBodyGyroJerkMeanZ  tBodyGyroJerkStdX   tBodyGyroJerkStdY
2  -0.0461309295021053 -0.207421854757895  -0.304468510631579
3  -0.0407125527654717 -0.614786508490566  -0.601696656226415
4  -0.0270461061061224 -0.487027342244898  -0.238824827530612
5         -0.046702627  -0.99173159212766  -0.989518068510638
6  -0.0489505466716981 -0.992945106981132  -0.995137917358491
7        -0.0740501211      -0.9186085208       -0.9679072436
8  -0.0514939156830508 -0.389549831525424  -0.634140436101695
9     -0.0445157481625    -0.464854363125  -0.645491337708333
10 -0.0710229816893617 -0.243940592553192  -0.469396701106383
11      -0.04358509665 -0.989709023043478  -0.990889614782609
12 -0.0546539479425926 -0.979324000740741  -0.983447258518519
13 -0.0701783020833333 -0.993235849166667  -0.989567537916667
14 -0.0503616100815517 -0.385922986034483  -0.639087984137931
15 -0.0498180874305085 -0.507270757966102  -0.775774143389831
16 -0.0416193131122449 -0.285683162346939  -0.680947338163265
17 -0.0590079966686538 -0.972546905961538  -0.978635908653846
18 -0.0416832156688525 -0.940937642459016  -0.968433747868853
19         -0.06873387       -0.980328645  -0.986762741935484
20 -0.0551166852766667 -0.492341066833333        -0.807419937
21 -0.0722496260807692 -0.533666803846154  -0.840722752692308
22 -0.0492836435688889 -0.395995494444444  -0.816858240222222
23    -0.0489964351672      -0.9698997312        -0.984441358
24 -0.0490753497867857 -0.949633878571429  -0.976065174642857
25 -0.0712156288333333 -0.975103204259259  -0.986855629814815
26 -0.0482679596035714 -0.357681403285714      -0.57143812375
27       -0.0534895401 -0.305245202489362  -0.631822048297872
28 -0.0399656935617021 -0.411302217446809  -0.514591487234043
29 -0.0487714733568182 -0.966037012045455  -0.975433911363636
30    -0.0422221341625 -0.941930044107143  -0.961177741607143
31      -0.07083096875 -0.983422257692308  -0.983759479230769
32 -0.0539597284210526  -0.18260093354386  -0.416390246140351
33 -0.0576800048435294 -0.186763293747059  -0.486494120980392
34 -0.0372228650416667 0.0393387960854167  -0.193508405479167
35 -0.0465504310978182 -0.943714804727273  -0.961780726363636
36 -0.0506432189438596 -0.946423593157895  -0.962422163684211
37 -0.0717774743859649 -0.939611608245614  -0.958628819649123
38 -0.0495713093294737  -0.21166729682807  -0.174136410738596
39  -0.072451747827451 -0.616812659215686  -0.671243739607843
40 -0.0789469342553192 -0.510731018297872  -0.299520205208511
41 -0.0454566269166667    -0.974369045625     -0.981024680625
42 -0.0545390015471698  -0.96598339754717  -0.976837757358491
43 -0.0671901794615385      -0.9738372325  -0.976483727307692
44 -0.0522683965333333   -0.2460827504375  -0.428055700208333
45 -0.0534090382439024  -0.40507069195122  -0.424675673414634
46 -0.0867903297078947 -0.267887897328947 -0.0704526510842105
47 -0.0445732240217391 -0.993264647391304   -0.98887627673913
48 -0.0478483225666667 -0.981573085740741  -0.985508765185185
49 -0.0694123150925926 -0.969924077407407  -0.974186451851852
50 -0.0633406620592308 -0.526985309038462  -0.549200228076923
                   V32                 V33                 V34
1    tBodyGyroJerkStdZ     tBodyAccMagMean      tBodyAccMagStd
2   -0.404255452631579  -0.136971176556842  -0.219688645631579
3   -0.606332002264151  -0.129927630735849  -0.324970929245283
4   -0.268761480242857  0.0271882914106122  0.0198843506265306
5   -0.987935806382979  -0.948536786170213  -0.927078418723404
6   -0.992108467169811  -0.984278207358491  -0.981942928867925
7        -0.9577901596       -0.8419291525      -0.79514486386
8   -0.435492677288136  -0.290407593728814  -0.422544169322034
9   -0.467595961041667  -0.107322679520833  -0.205977045295833
10  -0.218266318606383  0.0899511204978723   0.215586334889362
11  -0.985542325652174  -0.967893623913043  -0.953081444130435
12  -0.973610118333333  -0.965875181296296        -0.957874965
13      -0.98803582125  -0.977435485208333  -0.972873912916667
14  -0.536664080344828  -0.254690333275862  -0.328428936551724
15  -0.573433947627119        -0.184014895  -0.333597432542373
16  -0.374605412306122 -0.0628126118283674 -0.0411340078469388
17  -0.973751670576923  -0.895383350192308          -0.8703017
18  -0.958293011803279  -0.925430819016393  -0.915143303606557
19  -0.983338279516129  -0.972791346129032  -0.964218176451613
20  -0.640454132833333  -0.312050574166667  -0.527679103166667
21  -0.556236584807692  -0.153703935357692  -0.212012300480769
22  -0.325780073711111 -0.0491616726733333 -0.0819559041111111
23       -0.9688048316         -0.93569482       -0.9144078448
24  -0.957982019464286  -0.906478051785714  -0.890976683392857
25  -0.983965359814815  -0.954557603148148  -0.931292216611111
26  -0.157682543983929  -0.158338674394643  -0.377178733392857
27  -0.282154378489362  0.0435562021989362  -0.136736383765957
28 -0.0344217467042553   0.211138853638298   0.205422375957447
29  -0.964878512727273       -0.9379783225  -0.920939027727273
30  -0.944755343035714  -0.906104701071429      -0.87977380125
31  -0.989679592307692  -0.966777882884615  -0.958612786346154
32  -0.166684422233333  -0.166840713631579  -0.266734167368421
33  -0.170814790834118  0.0177790974433333 -0.0791508842176471
34   0.193206498960417   0.333754731458333   0.373611914166667
35  -0.958787671272727  -0.949543531272727  -0.931572655636364
36  -0.962758177192982  -0.945022876491228  -0.939310249649123
37  -0.959579071578947  -0.918878850824561  -0.897326245964912
38  -0.458302971403509 -0.0978090439438596  -0.198554708385965
39  -0.682184175686275  -0.198074437978431   -0.33474460745098
40  -0.425200371553192  0.0198795285851064   0.214544028088723
41  -0.980954665416667  -0.918432107083333  -0.881957619770833
42  -0.978166790943396  -0.942724659245283  -0.933590156792453
43  -0.988871878269231  -0.936392023846154  -0.907039513153846
44  -0.388446971666667  0.0516786278104167       -0.1804072826
45  -0.430366658780488   0.121026629195122  -0.227200254219512
46       -0.1896044435   0.176599311818421   0.131337867236842
47  -0.985241405434783  -0.952139704347826  -0.929943615630435
48  -0.989270900740741  -0.953762884074074  -0.937187185222222
49  -0.987601203703704  -0.935308633888889         -0.91325033
50  -0.457881494038462 -0.0980840496143461         -0.37942877
                   V35                 V36                 V37
1   tGravityAccMagMean   tGravityAccMagStd tBodyAccJerkMagMean
2   -0.136971176556842  -0.219688645631579  -0.141428809031579
3   -0.129927630735849  -0.324970929245283  -0.466503446226415
4   0.0271882914106122  0.0198843506265306 -0.0894474807979592
5   -0.948536786170213  -0.927078418723404  -0.987364195531915
6   -0.984278207358491  -0.981942928867925  -0.992367790566038
7        -0.8419291525      -0.79514486386       -0.9543962646
8   -0.290407593728814  -0.422544169322034  -0.281424153881356
9   -0.107322679520833  -0.205977045295833  -0.321268911041667
10  0.0899511204978723   0.215586334889362 0.00565516335106383
11  -0.967893623913043  -0.953081444130435  -0.986774713043478
12  -0.965875181296296        -0.957874965  -0.980489077407407
13  -0.977435485208333  -0.972873912916667  -0.987741696041667
14  -0.254690333275862  -0.328428936551724  -0.280009317413793
15        -0.184014895  -0.333597432542373  -0.436901159491525
16 -0.0628126118283674 -0.0411340078469388  -0.205239246653061
17  -0.895383350192308          -0.8703017  -0.969080752884615
18  -0.925430819016393  -0.915143303606557  -0.959303840327869
19  -0.972791346129032  -0.964218176451613  -0.979484593387097
20  -0.312050574166667  -0.527679103166667  -0.366700879833333
21  -0.153703935357692  -0.212012300480769  -0.400922254807692
22 -0.0491616726733333 -0.0819559041111111  -0.228851413747333
23         -0.93569482       -0.9144078448       -0.9701322836
24  -0.906478051785714  -0.890976683392857  -0.963370738392857
25  -0.954557603148148  -0.931292216611111  -0.970095771666667
26  -0.158338674394643  -0.377178733392857  -0.288333024071429
27  0.0435562021989362  -0.136736383765957  -0.247403476914894
28   0.211138853638298   0.205422375957447 -0.0637528559361702
29       -0.9379783225  -0.920939027727273  -0.969320155681818
30  -0.906104701071429      -0.87977380125  -0.956863566071429
31  -0.966777882884615  -0.958612786346154  -0.980141253846154
32  -0.166840713631579  -0.266734167368421  -0.195117026052632
33  0.0177790974433333 -0.0791508842176471  -0.207379799254902
34   0.333754731458333   0.373611914166667       0.10384507225
35  -0.949543531272727  -0.931572655636364        -0.962733502
36  -0.945022876491228  -0.939310249649123  -0.967102436140351
37  -0.918878850824561  -0.897326245964912  -0.954750504912281
38 -0.0978090439438596  -0.198554708385965  -0.192948900438596
39  -0.198074437978431   -0.33474460745098  -0.458695232352941
40  0.0198795285851064   0.214544028088723  -0.170319619372979
41  -0.918432107083333  -0.881957619770833  -0.976559676458333
42  -0.942724659245283  -0.933590156792453  -0.973381306226415
43  -0.936392023846154  -0.907039513153846  -0.980127239615385
44  0.0516786278104167       -0.1804072826 -0.0668322430433333
45   0.121026629195122  -0.227200254219512  -0.141494613465854
46   0.176599311818421   0.131337867236842   0.262628490268421
47  -0.952139704347826  -0.929943615630435  -0.986061512173913
48  -0.953762884074074  -0.937187185222222  -0.984920797777778
49  -0.935308633888889         -0.91325033   -0.97314748962963
50 -0.0980840496143461         -0.37942877  -0.203733615519231
                   V38                 V39                 V40
1   tBodyAccJerkMagStd    tBodyGyroMagMean     tBodyGyroMagStd
2  -0.0744717500625263  -0.160979552536842  -0.186978364526316
3   -0.478991622075472  -0.126735589969811   -0.14861931805283
4  -0.0257877197081633 -0.0757412543673469  -0.225724368061224
5   -0.984120024042553         -0.93089249  -0.934531840425532
6   -0.993096209433962  -0.976493792830189  -0.978690028679245
7        -0.9282456284        -0.874759548      -0.81901016976
8   -0.164150985127119  -0.446549092881356  -0.553019916271186
9    -0.21738939458125  -0.219713472958333  -0.377532167604167
10    0.22961718512766  -0.162188586930426  -0.274844110531915
11  -0.984475868043478  -0.946035087173913  -0.961313624130435
12  -0.976675280185185  -0.963466341851852   -0.95394338037037
13      -0.98551807625  -0.950011569583333  -0.961164053958333
14  -0.139916355325862  -0.466411754137931  -0.561510683275862
15  -0.439020591694915  -0.347321812220339  -0.408886653186441
16 -0.0926324494530612  -0.215294501244898  -0.245794699346939
17  -0.966550084230769  -0.919354372307692  -0.925518103807692
18  -0.948770043278689  -0.892089349344262   -0.88212522147541
19  -0.976121297903226  -0.951564751451613  -0.954275110967742
20        -0.316918956      -0.49779220106  -0.553116111166667
21  -0.437261477884615  -0.299779407884615  -0.510974134423077
22  -0.216858921977778       -0.3466062928       -0.3805726254
23       -0.9625491104       -0.9260633138        -0.928898293
24  -0.958159482142857  -0.900982100535714  -0.885144317678571
25  -0.960786430740741  -0.930236462592593  -0.947031781666667
26  -0.282242276785714  -0.355933083571429  -0.492176823571429
27  -0.310186545957447  -0.235516929306383  -0.354687870212766
28 -0.0292570509829787  -0.218029835319149  -0.360678305253192
29  -0.965757731590909  -0.934301646590909  -0.931414810454545
30  -0.942962047678571  -0.900671630714286  -0.867041711785714
31  -0.977477145384615  -0.946938300576923  -0.958287921923077
32 -0.0706029648421053  -0.281207841122807   -0.36560291677193
33  -0.169970363039216   -0.12912124415098  -0.199893710196078
34      0.209502174375  0.0142677821595833 -0.0426276750979167
35  -0.948181827818182  -0.932703812181818  -0.921259472727273
36  -0.956099145964912  -0.939404744385965  -0.915891572982456
37  -0.950341934385965  -0.908980174736842  -0.920914497017544
38  -0.027557329277193  -0.305959351403509   -0.19828316695614
39  -0.471265710980392  -0.239099165627451  -0.418144852156863
40  0.0901836280510638   -0.18874081887234  -0.259751603446809
41  -0.970243274166667        -0.897870535     -0.898063314375
42  -0.968566356037736  -0.943425564528302  -0.918438958867924
43  -0.967310932307692  -0.915793634807692  -0.918662459038462
44  -0.184571053979167   -0.00310243820125  -0.238746703958333
45  -0.228296364146341         0.166447991  -0.109327923829268
46        0.2534082561  0.0993429744078947 -0.0466291872078947
47  -0.980667377391304   -0.93268224326087  -0.953001632173913
48  -0.979932239074074  -0.952848496851852   -0.95322478962963
49  -0.962954517222222  -0.924253348518518  -0.932470764444444
50  -0.317113487115385  -0.294542266826923  -0.489725811538462
                    V41                 V42                 V43
1  tBodyGyroJerkMagMean tBodyGyroJerkMagStd       fBodyAccMeanX
2    -0.298703679084211  -0.325324878894737  -0.202794306326316
3     -0.59488286509434  -0.648553044339623  -0.404321784150943
4    -0.295463843346939  -0.306510645530612  0.0382291831510204
5    -0.991976341276596  -0.988308728510638  -0.979641238723404
6    -0.994966790566038  -0.994733238679245  -0.995249932641509
7           -0.96346103       -0.9358409828       -0.9390990524
8    -0.547911950338983  -0.557798151355932  -0.346048161016949
9    -0.572816438541667  -0.597291719166667  -0.266720933270833
10   -0.410872671489362  -0.343187875404255   0.112841160325532
11   -0.991081493913043  -0.989594919565217  -0.985803840652174
12   -0.983951904259259  -0.977204427777778  -0.983946739814815
13   -0.991767074166667  -0.989718095208333  -0.976725059791667
14   -0.566135217931034  -0.567371560862069  -0.316614011689655
15   -0.658861401355932  -0.718028040338983  -0.392004211474576
16   -0.508567577142857  -0.583919211020408 -0.0421706943244898
17   -0.977998051923077  -0.976772675961538  -0.970154440961538
18   -0.962339339672131  -0.957679766885246  -0.960123409508197
19    -0.98671362516129  -0.983139255645161  -0.980665609032258
20        -0.6813040365       -0.7301463685  -0.426719449666667
21   -0.686978374423077  -0.755270457692308  -0.294488270365385
22   -0.592843014888889  -0.637079543555556 -0.0722392276888889
23        -0.9804904618       -0.9758066902       -0.9774624984
24   -0.967614073928571  -0.964282784285714  -0.973497549642857
25   -0.985068502037037  -0.982698213703704  -0.958802077592593
26   -0.444532485357143      -0.48919974625  -0.287782607410714
27    -0.47348816787234  -0.557988065531915  -0.161485339978723
28    -0.39719562106383  -0.450303212340426  0.0984320090212766
29   -0.973848287045455  -0.970392610454546  -0.977450812045455
30   -0.958405900892857  -0.947970723571429  -0.964500917321429
31        -0.9864194225         -0.98377138  -0.968741678461538
32   -0.321290483140351  -0.364708342315789  -0.187934323140351
33   -0.342895367921569  -0.440079851313725  -0.131075372803922
34  -0.0829366854166667  -0.111228416159583   0.328308506041667
35   -0.962929227818182  -0.950150571818182  -0.975351454727273
36   -0.963406222982456  -0.952536233859649  -0.977100287368421
37   -0.955645738245614  -0.953157001578947  -0.939114254210526
38   -0.300022779964912 -0.0953401161070176  -0.343048405789474
39   -0.661969771960784   -0.67642807254902  -0.336199426470588
40   -0.399229959148936   -0.29477867693617  0.0443428315319149
41   -0.981665122291667  -0.976214430208333     -0.972697126875
42   -0.977377083018868         -0.97210793  -0.976681834339623
43   -0.983008829038462  -0.971205137884615  -0.953424245576923
44   -0.339129269583333  -0.502957255416667     -0.247389011875
45   -0.400664014146341  -0.493975031707317  -0.166411065387805
46   -0.126189142894737  -0.157484866842105   0.136590199860526
47   -0.991807428043478  -0.986756670869565  -0.981142909782609
48   -0.987580587777778  -0.982460332222222  -0.988219862222222
49   -0.978438191296296  -0.969029111666667  -0.953538563888889
50   -0.510253995769231  -0.599866472692308  -0.294711163653846
                    V44                 V45                  V46
1         fBodyAccMeanY       fBodyAccMeanZ         fBodyAccStdX
2    0.0897127264021053  -0.331560117789474   -0.319134719578947
3    -0.190976720811321  -0.433349702075472   -0.337428188679245
4   0.00154990783591837  -0.225574471693878   0.0243308391387755
5    -0.944084550425532  -0.959184889148936   -0.976412313191489
6    -0.977070847735849  -0.985297098679245    -0.99602834509434
7        -0.86706520518       -0.8826668762        -0.9244374346
8   -0.0219048103322034  -0.453806369830508   -0.457651383728814
9   0.00992445881854167  -0.281001986202083      -0.320582414375
10    0.278345041765957        -0.131290772   0.0161046198595745
11   -0.957343498478261  -0.970162172608696          -0.98736209
12   -0.959871697407407  -0.962471195740741   -0.989056469814815
13   -0.979800877916667     -0.984380981875   -0.973246482083333
14  -0.0813024353275862  -0.412374074482759   -0.379276781206897
15  -0.0788094156644068  -0.504494528474576   -0.285333024050847
16 -0.00770048300204082  -0.404452414285714  -0.0654417192653061
17   -0.891907751346154  -0.917987925384615   -0.971605878461538
18   -0.908075353770492  -0.939507735245902   -0.969931287377049
19   -0.961169982903226  -0.968332141612903   -0.983691129032258
20       -0.14939963344  -0.631005470833333   -0.447234929666667
21   -0.117109161492308  -0.524655722692308   -0.173217219014423
22   -0.129606639466667  -0.494683451555556   0.0390098262533333
23        -0.9057829318       -0.9517837432        -0.9819081892
24         -0.889549205      -0.93164342125   -0.978737637678571
25   -0.938883374444444  -0.967504278888889   -0.952464881481481
26  0.00946037755178572  -0.490251090714286   -0.297517355196429
27   0.0728903158085106  -0.457470676808511 -0.00473819670425532
28   0.0792280694042553  -0.374740089574468    0.336554724893617
29   -0.921434735681818  -0.946064216818182        -0.9825908425
30   -0.890796360535714  -0.915083799107143       -0.97066840875
31   -0.965419520961538  -0.977007724615385   -0.964953893653846
32    0.140781621991228  -0.498520164385965          -0.34522769
33   0.0978035099588235   -0.42724809972549  -0.0211335627276471
34    0.339771173822917  -0.277602590916667    0.403369766666667
35   -0.928264365454545  -0.935798115272727   -0.982451284727273
36   -0.930336471754386  -0.942864017017544   -0.984067374035088
37   -0.923706791403509  -0.938044912280702   -0.932462941461404
38  -0.0641564202736842  0.0385832252345614   -0.322034908070175
39   -0.381590523137255  -0.317461021372549   -0.279870086215686
40   -0.145302311446808  -0.139216222106383   0.0730110797851064
41       -0.93149063375  -0.904675337916667   -0.972879966041667
42   -0.941883783773585  -0.938550519811321   -0.980541336037736
43   -0.942193953846154  -0.958611644615385   -0.931120580576923
44    0.316982393333333  -0.238634594791667   -0.148386858858333
45    0.263431399878049 -0.0729496941121951   -0.175284990170732
46    0.388412779763158   0.159589756534211  -0.0260463260078947
47    -0.94421971826087  -0.959436275869565   -0.978256730652174
48           -0.9500491  -0.950362935555556    -0.98918374962963
49   -0.951816663703704  -0.944269514074074   -0.940125298333333
50   -0.257677616153846  -0.250806259788462   -0.218019977423077
                    V47                 V48                 V49
1          fBodyAccStdY        fBodyAccStdZ   fBodyAccMeanFreqX
2        0.056040006846  -0.279686751494737  -0.207548374494737
3    0.0217695106566038  0.0859565543849057  -0.418735000377359
4    -0.112963739953061  -0.297927894693878  -0.307395198687755
5    -0.917275006382979  -0.934469558085106 -0.0495135975489362
6    -0.972293102075472  -0.977937259622642  0.0865153619088679
7         -0.8336255561      -0.81289155944     -0.158792670508
8     -0.16921968620339  -0.455222146440678   -0.14579548970339
9    0.0848802791083333   -0.09454497643125  -0.281748011416667
10    0.171973972957447  -0.162032894287234  -0.273711609659574
11   -0.950073754130435  -0.956862864130435       0.08519282071
12   -0.957908842222222  -0.946433583518518   0.108519182924074
13      -0.981025105625        -0.984792185  -0.146482792591667
14   -0.124030832001724  -0.422998473965517  -0.246614196618966
15 -0.00803987529661017  -0.350797226271186  -0.461249740508475
16   -0.109722354322449  -0.389723034061224  -0.325863694730612
17        -0.8496556575  -0.864322464038462  0.0312989368846154
18    -0.89243434852459  -0.904801254590164  -0.087024832195082
19   -0.964094604193548   -0.96327908016129 -0.0739526439887097
20   -0.101799450565167  -0.594198325666667      -0.13859163673
21   -0.101434446040385  -0.345109817692308  -0.486811749615385
22       -0.32253131772  -0.512694303111111  -0.342285696395556
23        -0.8894673494       -0.9269993168      0.037381761194
24   -0.857380281803571  -0.887554317678571  0.0620999958378571
25   -0.946380971111111  -0.962154454259259  -0.274194618766667
26   0.0426026830839286  -0.483059957321429  -0.322382010942857
27    0.165037631180851   -0.28925665906383  -0.427706137489362
28   0.0268269875085106  -0.353397850212766   -0.45352450106383
29        -0.9022915301         -0.92184351 -0.0209330490795455
30   -0.867933178017857  -0.858231387857143 -0.0164066779678571
31   -0.972909186730769  -0.965882191153846  -0.135632454076923
32    0.101699642168947  -0.550474621754386  -0.196841736649123
33    0.159123777172549   -0.36587418445098   -0.44512058675098
34       0.283247837625       -0.4060143105      -0.41164933625
35         -0.925676956  -0.925768475636364 0.00304695404363636
36   -0.921449111052632  -0.922067224210526  0.0664521774298246
37   -0.929711219929825  -0.924004748421053  -0.219729934157895
38   -0.143721823263158   0.133316828089298  -0.313727371842105
39   -0.341025552941176  -0.124912269443137  -0.432684590196078
40   -0.190187141297872  -0.100121492529787  -0.365650549446809
41   -0.904629195833333  -0.844083052916667    -0.0334312226625
42   -0.919118753018868  -0.912358813773585  -0.079704728245283
43   -0.922917902307692  -0.953380646346154  -0.635913046346154
44        0.32484493125  -0.158437341970833  -0.380892405770833
45           0.30540146   0.133766193578049  -0.290117827804878
46    0.232184078052632  0.0214914840105263        -0.200757851
47   -0.923829969347826  -0.933889846521739  -0.164187373097826
48   -0.936231722777778  -0.919744963888889  0.0231155666555556
49   -0.931236756962963  -0.931146497518519  -0.307248374366667
50   -0.223972558596154 -0.0337965256573077  -0.310727563365385
                    V50                  V51                 V52
1     fBodyAccMeanFreqY    fBodyAccMeanFreqZ   fBodyAccJerkMeanX
2     0.113093646103158   0.0497265196172632  -0.170546964549579
3    -0.160697213516981   -0.520114793584906  -0.479875245660377
4    0.0632200839346939    0.294322700810612 -0.0276638676122449
5    0.0759460768510638    0.238829870148936  -0.986597022553191
6     0.117478948718868    0.244858585792453  -0.994630797358491
7        0.097534841586        0.08943765522       -0.9570738838
8     0.198586466508475   0.0688995208186441  -0.304615322881356
9   -0.0618894458958333   -0.236589092316958  -0.258639439729167
10   0.0119309606468085   0.0903678546504255   0.138120681087234
11    0.150193956163043   0.0960646759586957  -0.987848793695652
12   0.0623378066683333    0.104462499601852  -0.980973241666667
13         0.2572894655    0.402532553395833  -0.985813630833333
14    0.171743003017241   0.0748536557377586  -0.304694442551724
15   -0.100019162177966   -0.278895911347458  -0.478434306271186
16   0.0529065241102041  -0.0566003044840816 -0.0906707125102041
17 -0.00661630574807692   0.0478619586153846  -0.974950363461538
18   -0.128180130065574  0.00771897878688524  -0.957666856721311
19    0.238470751435484    0.216971671672581  -0.980513202258064
20   0.0123477342916667  -0.0787892636928333  -0.358883413666667
21  -0.0662348475480769   -0.230536706554615  -0.418304647307692
22    0.213581745013333   0.0478375669635111      -0.16163290774
23        0.07878600934        0.01209426602       -0.9768457126
24  -0.0669875048642857  -0.0377822772491071  -0.972310894285714
25    0.366231448994444    0.201329591976111  -0.978542457407407
26 -0.00204051097321429   0.0247389728696429  -0.344954806428571
27   -0.122487323859574   -0.135264615917021  -0.289725470425532
28   0.0363662394234043 -0.00437220373021277 -0.0368012151170213
29   0.0684590033636364   0.0403161796295455  -0.976024951136364
30 -0.00894413194107143      -0.028287522525  -0.963059235178571
31    0.466528231788462    0.132310871284615  -0.982689657115385
32   0.0220734188245614    0.185107042277193  -0.150942917824561
33  -0.0948830032690196  -0.0667867912058824  -0.244812769960784
34    0.021911178210625      0.3062531664375   0.136554991314583
35    0.123381829747273   0.0818455300187273  -0.971037479818182
36  -0.0866319977508772   0.0208815076140351   -0.97348053877193
37    0.348418746140351    0.161457927833333  -0.967072436842105
38    0.160434129035088    0.124630171101754  -0.383715797719298
39   -0.135079176790196   -0.273730521360588  -0.454647881960784
40  -0.0314736615829787   0.0824424244404255 -0.0305226686191489
41   0.0147166711666667     -0.1017660835625  -0.982037243958333
42   -0.159730059003774  0.00098894010754717  -0.976323086226415
43  -0.0438292665807692    0.237111987323077  -0.980393046923077
44  0.00356163764166667    0.111947205354167  -0.311198711041667
45   -0.100254405917073   -0.191852656439024  -0.200277249165854
46   0.0511555478315789    0.223078489563158   0.214841402815789
47    0.107278338519565    0.060048457826087  -0.984977270652174
48   0.0771842726148148    0.121181473814815  -0.989029238518519
49  0.00539754357407408    0.192435787087778  -0.973110596111111
50   0.0213195015442308   0.0237831761442308  -0.314265401346154
                   V53                V54                  V55
1    fBodyAccJerkMeanY  fBodyAccJerkMeanZ     fBodyAccJerkStdX
2  -0.0352255241130632 -0.468999224631579   -0.133586606326316
3    -0.41344458754717 -0.685474353962264   -0.461907025849057
4    -0.12866715764898 -0.288334735714286  -0.0863278966402041
5   -0.981579467021277 -0.986053092340425   -0.987492994468085
6   -0.985418704528302 -0.990752166037736   -0.995073759245283
7        -0.9224626098      -0.9480609042        -0.9641607086
8  -0.0787640836610169 -0.554956709661017    -0.31431306340678
9     -0.1878421317125 -0.522728063333333   -0.365415441458333
10  0.0962091607617021 -0.271498721106383   0.0499590624829787
11  -0.977139702826087 -0.985129050217391   -0.989459107391304
12  -0.970851337962963 -0.979775152037037   -0.983007923703704
13  -0.982768250416667 -0.986197134583333   -0.987250255833333
14  -0.140508590224138 -0.514137255344828   -0.296596633103448
15  -0.283772547471017 -0.677314534067797   -0.486446509661017
16  -0.135938542632653 -0.529059450612245   -0.165442898685714
17  -0.954170151346154 -0.970845669423077   -0.976283534807692
18  -0.943497973606557 -0.969174903442623   -0.960570921803279
19  -0.968752113709677 -0.979122344354839   -0.983122615967742
20  -0.279553391533333 -0.728991595666667       -0.29732607245
21  -0.297805187243462 -0.690106934230769   -0.396762584807692
22  -0.172941628735556 -0.583917371333333   -0.208250062317778
23       -0.9442983908      -0.9751549056        -0.9787769122
24  -0.937624242142857 -0.968648411607143   -0.975706723571429
25  -0.943969987222222 -0.975383329444444   -0.980079292592593
26  -0.181055554206071 -0.590496615535714        -0.3213903195
27   -0.19681792087234 -0.606717464680851    -0.22532784293617
28 -0.0568032957531915 -0.491979946170213    0.011055933212766
29  -0.954237489772727 -0.969501330681818   -0.976530547272727
30      -0.93137020875 -0.958438726607143   -0.965778920714286
31  -0.965328566153846 -0.983250309423077   -0.985625270384615
32 -0.0753742321614035 -0.541438616140351    -0.19269469414386
33  -0.122991594331373 -0.549314615882353   -0.186815074235294
34        0.1372024523    -0.283086205125   0.0886515099394167
35  -0.947070821272727 -0.954199785636364   -0.971488767454545
36  -0.951405464912281 -0.963743518070175   -0.975235677719298
37  -0.936043420175439 -0.954425844736842   -0.968619159473684
38  -0.123192887383684 -0.106490372892632   -0.365314790947368
39         -0.53707567 -0.581764526862745   -0.426974025686275
40  -0.316236510319149 -0.296494902765957 -0.00426289144680851
41  -0.969423612916667 -0.968503504791667      -0.984026344375
42  -0.967165093018868 -0.968229643018868   -0.978729082830189
43  -0.972531648846154 -0.969524977692308   -0.983560175384615
44  0.0796832872416667 -0.361563262083333   -0.271448185291667
45 -0.0257952590634146 -0.386655803658537    -0.24733661795122
46   0.220639687868421 0.0586096890447368    0.172658982065789
47  -0.980221104565217 -0.982995311086956   -0.986913610652174
48        -0.976177675 -0.979477193333333   -0.990414086851852
49  -0.975877437407407 -0.962111136666667   -0.975959911481481
50        -0.367706595 -0.399541245192308   -0.170228340134423
                    V56                 V57                   V58
1      fBodyAccJerkStdY    fBodyAccJerkStdZ fBodyAccJerkMeanFreqX
2        0.106739857136  -0.534713440421053    -0.209261973376842
3    -0.381777065283019  -0.726040200754717    -0.377023128301887
4    -0.134580008877551  -0.401721464285714    -0.253164344918367
5    -0.982513909574468  -0.988339184893617     0.256610823568085
6    -0.987018226792453  -0.992349818113208     0.314182940150943
7         -0.9322178704       -0.9605869872        0.132419092398
8   -0.0153329520084746  -0.615898188474576   -0.0727101584479661
9    -0.243554146666667  -0.625090981458333   -0.0491142923541667
10   0.0808333491276596  -0.408227423191489    -0.143898149531915
11   -0.980804228478261  -0.988570804130435     0.305546818084783
12   -0.973520241111111  -0.984599905185185     0.331449281481482
13   -0.984987392916667  -0.989345368541667     0.159808328563875
14 -0.00561498755362069  -0.543529108103448    -0.216042668103448
15   -0.268191523644068  -0.738705863898305    -0.325151127440678
16    -0.14772824006198  -0.613525074285714    -0.229599432510204
17   -0.956461756730769       -0.9771595725     0.215731832596154
18   -0.943948547213115  -0.975595949508197    0.0749564403088525
19   -0.971044012741936  -0.983711904677419      0.17597855438871
20        -0.2099000063  -0.772359087333333      -0.1352803947515
21   -0.314525030788462        -0.762772175    -0.379653611346154
22   -0.177202094317778  -0.668867334444444    -0.179115175957778
23         -0.949293158       -0.9816994482       0.2130199199042
24   -0.944075308928571  -0.976229505535714          0.2722139805
25   -0.944366881666667  -0.980261236296296     0.182436483157407
26  -0.0545213604089286  -0.633429995714286    -0.359372577678571
27   -0.105311152804255  -0.668825711276596    -0.397835581489362
28   0.0901720096791489  -0.551178075319149    -0.350911621829787
29   -0.954464442045455         -0.97602233    0.0757356169022727
30   -0.936202600714286      -0.96807230125     0.150463078469643
31          -0.96624258  -0.986135599038461     0.239915157321154
32   0.0314450678263158  -0.608624354210526    -0.178295181261404
33  -0.0169811409705882  -0.571673957058824    -0.441959115607843
34    0.341242392604167     -0.389057047125    -0.315757694854167
35         -0.946880042  -0.961636555090909    0.0999400617187273
36   -0.950681450350877  -0.969895845789474     0.186559227035088
37   -0.935717452807018  -0.963567540877193    0.0114731894070175
38  -0.0431917460807018  -0.190751539207018    -0.284586506210526
39    -0.53419130254902  -0.631919608823529    -0.391182549629412
40   -0.324378560319149  -0.397774503468085    -0.333627288978723
41   -0.971814980208333     -0.974699194375     0.180132581508333
42   -0.966850290188679  -0.974533710754717        0.098774853689
43         -0.975886145  -0.975072995192308    0.0207159202961538
44    0.315883536479167    -0.4044825094375    -0.345898115416667
45  -0.0700821464439024  -0.508248316829268    -0.115989564712683
46    0.273943791773684 -0.0846674186842105    -0.170997897197368
47   -0.983038783478261  -0.986185349347826           0.227828617
48          -0.97858173  -0.984465744444444     0.267296230824074
49   -0.979170881666667  -0.968699222962963     0.164984298959259
50   -0.228380473480769  -0.419104362884615    -0.378291493076923
                     V59                   V60                V61
1  fBodyAccJerkMeanFreqY fBodyAccJerkMeanFreqZ     fBodyGyroMeanX
2     -0.386237143210526    -0.185530281244211 -0.339032197115789
3     -0.509495531698113    -0.551104284150943 -0.492611667924528
4      -0.33758970122449   0.00937223889183673 -0.352449631363265
5     0.0475437839595745    0.0923920032553192 -0.976161464042553
6     0.0391618954943396     0.138581478749057 -0.986386786037736
7         0.024513618956         0.02438794528    -0.850249174586
8     -0.263574018186441    -0.254846438755932 -0.429713536101695
9        -0.287688885375    -0.374218484791667 -0.331643577458333
10    -0.357514501744681    -0.234703932446809 -0.145775970406383
11    0.0262448647134783    0.0929030630369565 -0.982621389565217
12   -0.0569368291814815    0.0396498183462963 -0.967037112037037
13       0.1212064240125     0.190558218145833      -0.9864311425
14    -0.258667984862069    -0.346946648103448 -0.437845763793103
15    -0.453789820355932    -0.442664136271186 -0.378216681762712
16    -0.356023306938775          -0.274421716 -0.129066574295918
17   -0.0959148729942308   -0.0437473433390385 -0.957550637692308
18    -0.258164810172131    -0.112367641836066 -0.901282267540984
19   -0.0131774961758065    0.0448196905903226 -0.970167262903226
20    -0.385880862833333       -0.325737503675 -0.373384540666667
21        -0.39270192625    -0.319649297096154      -0.3710689925
22    -0.181293185048889    -0.169702261222222 -0.240298893435556
23       -0.075289966262        0.012245576986      -0.9605896358
24    -0.126450632983929    0.0711056632839286 -0.905464161964286
25    0.0987428836296296          0.0770211165 -0.967203736481482
26    -0.534049822678571         -0.3441509245 -0.372668749642857
27    -0.577009359574468    -0.339640932702128 -0.263615096246809
28    -0.470994737234043    -0.303523360659574 -0.295345101425532
29    -0.131861736040909   -0.0644960732795455 -0.957117251818182
30    -0.143681804520893   -0.0333637020357143 -0.909661802321429
31     0.195677336307692    0.0916938788480769 -0.975797491730769
32    -0.466305754035088    -0.104129449033509 -0.239650710533333
33    -0.501170339607843    -0.401683801941176 -0.115065008156863
34        -0.48434366125   -0.0348254245729167 0.0633716052854167
35    -0.150934459496364   -0.0913484667963636 -0.939671400545455
36    -0.251013912454386   -0.0715339890175439 -0.931612384385965
37   -0.0222029460298246    0.0784684032122807 -0.935439769649123
38    -0.287013819157895    -0.244831719878947 -0.318395104666667
39    -0.425313822294118     -0.62755547372549 -0.383889342745098
40    -0.414196284085106    -0.382024151510638        -0.33930147
41   -0.0815021323520833   -0.0857527580416667      -0.9436317575
42    -0.188479735466038   -0.0891602062907547 -0.938121637735849
43   -0.0451342616019231          0.0945605852 -0.953684547692308
44      -0.4192779011875      -0.2474853992125 -0.102063053808333
45    -0.344029932341463    -0.368783012195122 -0.240260761682927
46    -0.337650965236842    -0.180391338523684 -0.130740445236842
47    0.0527157003152174   0.00883768081521739 -0.982200309782609
48   -0.0598195579537037    0.0692831244296296 -0.969677435925926
49   0.00667286421111111     0.120248739635185 -0.957903886111111
50    -0.389047303846154    -0.366570477826923 -0.383676120961538
                   V62                 V63                V64
1       fBodyGyroMeanY      fBodyGyroMeanZ      fBodyGyroStdX
2   -0.103059416434737  -0.255940940315789 -0.516691938736842
3   -0.319474609056604  -0.453597213018868 -0.565892490754717
4  -0.0557022524693878 -0.0318694271979592 -0.495422486102041
5   -0.975838585319149  -0.951315544468085 -0.977904227021277
6   -0.988984455849057  -0.980773122830189 -0.987497128679245
7        -0.9521914948        -0.909302721      -0.8822964508
8    -0.55477211220339  -0.396659907457627 -0.604053019152542
9   -0.488086123958333        -0.248601122    -0.476358845625
10        -0.361913824 -0.0874944736085106 -0.379436674361702
11  -0.982100923695652  -0.959814822391304 -0.986808501521739
12  -0.972576152962963  -0.960627696111111  -0.97498812462963
13  -0.983321635416667       -0.9626718875 -0.988860685833333
14  -0.561526265344828  -0.418126217413793 -0.615121369827586
15  -0.637293508305085  -0.431503361525424 -0.484820991355932
16  -0.542694164081633  -0.302866461179592  -0.30863033105102
17         -0.95617355  -0.934967958846154 -0.968013062884615
18  -0.937711157213115  -0.916172537704918 -0.901985672459016
19  -0.978099682258065  -0.962341960806452 -0.975986433709677
20  -0.688460056666667  -0.601381129166667       -0.542646759
21  -0.684310201538462  -0.350765737115385 -0.483548693461538
22  -0.717545840444444  -0.318306481022222 -0.414919000955556
23       -0.9675836478       -0.9337768922       -0.973333107
24  -0.955992945178571  -0.915280955357143 -0.912464793928571
25  -0.972187839074074  -0.961479262592593 -0.975094739444444
26  -0.513951718392857  -0.213127031035714 -0.529392790178571
27  -0.516609046808511  -0.139801393244681 -0.501685580212766
28  -0.382483075106383  -0.034175027916383  -0.51494094106383
29  -0.955460359318182  -0.938003425909091 -0.969390369318182
30  -0.939373524464286  -0.907190836607143 -0.912780915714286
31  -0.978249645769231  -0.963202948461538 -0.980705769807692
32  -0.341378429473684  -0.203575458733333 -0.515323854385965
33  -0.329653779629412 -0.0464142110215686 -0.390248128039216
34  -0.130327465789583    0.15284524938125 -0.286724914610417
35  -0.943857393090909  -0.934764895454545 -0.963407046545455
36  -0.943273146140351  -0.943239602105263 -0.952817395263158
37  -0.941771544385965  -0.932636612807018 -0.962164978596491
38  -0.151966687436842  -0.366733617894737 -0.563615256666667
39  -0.567920266470588  -0.408150266666667 -0.368636961470588
40   -0.21444307293617  -0.299600267680851 -0.432730974446809
41        -0.956678065       -0.9474199325      -0.9427264225
42  -0.957548671320755  -0.957165056226415 -0.947891986226415
43  -0.957570207692308  -0.956905310961538 -0.962348254423077
44  -0.259729692333333  -0.132902199479167 -0.234252005895833
45  -0.113162144460976    0.16597418695122 -0.409955580780488
46   0.116090879026316  0.0277498065176316 -0.302735102631579
47         -0.97658989  -0.961798676956522 -0.985339301521739
48  -0.972595487037037  -0.975512276666667 -0.974200997592593
49  -0.957411160185185  -0.967461239074074 -0.967846360740741
50  -0.436905860576923  -0.240222512134615 -0.507404512692308
                   V65                V66                  V67
1        fBodyGyroStdY      fBodyGyroStdZ   fBodyGyroMeanFreqX
2  -0.0335081597884211 -0.436562227473684   0.0147844986621053
3    0.151538905566038        -0.57170784   -0.187450247737736
4   -0.181414728657143 -0.238443565306122   -0.100453729040816
5   -0.962345042553192  -0.94391784106383    0.189153021260851
6   -0.987107727735849        -0.98234533   -0.120293020603774
7        -0.9512320494      -0.9165825082      -0.003546795856
8   -0.533046952542373 -0.559856635084746  0.00727967988474576
9   -0.459758488958333 -0.218072471479167   -0.115324433733333
10  -0.458732747446809 -0.422987665106383  -0.0375298023191489
11  -0.977356188695652 -0.963522659782609    0.130523120891304
12   -0.97103605037037 -0.969754295740741   -0.107416045074074
13  -0.981910616458333 -0.963174222291667     0.10261131938125
14  -0.568888673448276 -0.545896388103448   0.0337596901293103
15  -0.556045947118644 -0.561097649661017   -0.145536204410169
16  -0.553094540204082 -0.548164313265306   -0.159888621187755
17  -0.939609988461538 -0.930633150769231   0.0520844490903846
18  -0.923125941147541 -0.919743846065574   -0.297107441654098
19  -0.977032495483871 -0.967256854193548  -0.0822166454290323
20  -0.654657770166667 -0.716458475166667       -0.12715408578
21  -0.489824279230769 -0.424533512307692   -0.206073104096154
22  -0.691518367333333 -0.621658471333333   -0.127145376957778
23        -0.954120419      -0.9328683544      0.1090926580982
24  -0.945825840178571     -0.91665163125     -0.2748096406875
25  -0.956182500185185 -0.965807466666667  -0.0660921823944444
26  -0.502683380535714 -0.420367075178571  -0.0458601936214286
27  -0.403486393191489 -0.380378006808511  -0.0615803357659574
28  -0.431552775319149 -0.374705187021277 -0.00892286550425532
29  -0.947571471590909 -0.947346476590909    0.125891358536364
30  -0.931857811428571     -0.91678935625   -0.178598410944643
31  -0.977257800961538 -0.963305738076923  -0.0227235857115385
32  -0.332008706842105 -0.512209233508772   0.0912409729185965
33   -0.31361857145098 -0.309998085098039  -0.0559140146313725
34  -0.235470976166667 -0.275667262770833     0.00150446630625
35  -0.944901470363636 -0.947326797818182    0.139409516872727
36  -0.942539174210526  -0.95445570245614   -0.114716166140877
37  -0.945365097894737 -0.947136774385965    0.102549066280877
38  -0.290859379017544 -0.463270018245614    0.111912537380702
39  -0.579964614705882 -0.393062890647059   -0.329345936647059
40  -0.351717743191489 -0.495120053191489   -0.219867702034043
41         -0.93824472    -0.939826018125      -0.071630230475
42  -0.945818157735849 -0.954339406415094   -0.188057605981132
43  -0.939727873653846      -0.9588764125   -0.139745225083077
44       -0.1908057215   -0.1429742348125   -0.176032065666667
45 -0.0478802512585366  0.263202878429268   -0.221044979219512
46 -0.0461356322868421 -0.268253406210526   -0.177172958760526
47   -0.96892443326087 -0.962632253913044    0.116741556823913
48  -0.968055495925926 -0.975976456111111   -0.154243187048148
49  -0.950316470925926 -0.970671966481481   -0.105590903972222
50  -0.490990336346154 -0.342367223269231   -0.200624503730769
                    V68                  V69                 V70
1    fBodyGyroMeanFreqY   fBodyGyroMeanFreqZ     fBodyAccMagMean
2   -0.0657746190010526  0.00077332156431579  -0.128623450629474
3    -0.473574786603774   -0.133373904258491  -0.352395944716981
4    0.0825511487183673  -0.0756762067714286  0.0965845343040816
5    0.0631270669787234  -0.0297839207446809  -0.947782922553192
6   -0.0447191978169811    0.100607635139623  -0.985356361132075
7       -0.091529130882        0.01045812566       -0.8617676481
8   -0.0427009322372881    0.139752115269492  -0.324289427932203
9       -0.130357850675  -0.0773418117291667   -0.14531853915625
10   0.0770894557234043         0.1367749584   0.293424826591489
11   -0.192142737913043   0.0409472348676087   -0.96127374826087
12   -0.171160370096296 0.000226810610740739  -0.964052166481482
13     0.04228066839375   0.0552985986479167  -0.975110196458333
14  -0.0379896505362069  -0.0445079738913793  -0.290031535172414
15   -0.339321487559322   -0.102013834094915  -0.315866079491525
16   -0.109972458132653   0.0910072841755102  0.0289413195612245
17   -0.166042259123077  -0.0387467420096154  -0.904185725576923
18   -0.316011207026229   -0.229120091067541  -0.926968932295082
19  -0.0266820108903226    0.147686455548065   -0.96552427516129
20       -0.27466563765    0.149851534733333  -0.450804558333333
21   -0.491527600961538   -0.130134208057692  -0.276825498230769
22   -0.185485631124444         0.3770740968      -0.01907433524
23      -0.394745539548        -0.1457260342        -0.929002095
24   -0.364372374642857   -0.223109154546429  -0.917614014821429
25   -0.526889995562963    0.152886311603704  -0.939389701296296
26  -0.0191860123089286    0.167457819108929  -0.304992488892857
27   -0.138063832148936   0.0608132840234043        -0.169261525
28 -0.00764242092148936          0.211555807   0.155742168808511
29   -0.187706341013636   0.0966833908409091  -0.936290604545455
30   -0.162944927001786   -0.109180363773214       -0.9046413925
31        0.06812484775   0.0413600281009615  -0.962234984038462
32   0.0416267535368421    0.302874949789474  -0.201386607649123
33   -0.129471190964706   0.0102927666117647 -0.0819479396203922
34     0.15112587523125      0.3029636429375   0.395958034583333
35   -0.129239217950909   0.0438103632909091  -0.935750391272727
36   -0.195978463377193  -0.0778747190508772  -0.945949804035088
37   0.0236567802333333   0.0445225537614035   -0.91235165222807
38    0.273141323315789   0.0143564054561404  -0.151243649578947
39  -0.0541175360431373   -0.346105575254902  -0.378618761568627
40     0.20056627145234         0.0076371946   0.218911066191489
41   -0.308762329160625  -0.0187739586583333      -0.90895677625
42   -0.298448698150943   -0.188116628033962  -0.945611450377358
43   -0.453725644769231      0.0144682871075  -0.927976880634615
44   -0.102881607560417   -0.218800753760417   -0.09521728274375
45   -0.184403755490244   -0.296234666504878   -0.13026451905122
46   0.0716794237631579 -0.00513040190789474   0.301626757315789
47   -0.261139449513043  -0.0430176558469565  -0.947981783478261
48   -0.197392513112963   0.0222011082111111  -0.953746070740741
49   -0.199880205519074    0.213568382200185  -0.932279645518518
50   0.0164815831107692   -0.152103721057692  -0.318801022711538
                   V71                   V72                     V73
1       fBodyAccMagStd   fBodyAccMagMeanFreq fBodyBodyAccJerkMagMean
2   -0.398032586842105          0.1906437244     -0.0571194000343158
3   -0.416260101509434   -0.0977433496415094       -0.44265216245283
4   -0.186530301073469     0.119187142767959      0.0262184949326531
5   -0.928444801702128     0.236655011680851      -0.985262126808511
6   -0.982313804716981     0.284555290773585       -0.99254247754717
7        -0.7983009404         0.08640856294           -0.9333003608
8   -0.577105211694915     0.393206208305085      -0.169064352813559
9       -0.36672824375     0.107680395229167      -0.189511136902083
10 -0.0214787881723404    0.0938321297617021       0.222247409576596
11  -0.955575602173913     0.130934202854348      -0.983874698913043
12  -0.960519381481482     0.119649963903704      -0.977065295555556
13  -0.975121387916667          0.2662982125      -0.985374114791667
14  -0.456373080862069     0.113494312836207      -0.186764516965517
15  -0.447994369152542    0.0238218745338983      -0.412920898474576
16  -0.233849422120408    0.0439616686306122      -0.049477977322449
17  -0.874626592115385         0.02816007875      -0.965888891730769
18  -0.921836076557377 -0.000332753967377052      -0.948627467704918
19  -0.968350217419355     0.236990127870968      -0.975949597903226
20  -0.651172628166667     0.382096409966667            -0.318587811
21  -0.301005898461538    -0.108017171661154            -0.397406285
22  -0.263644030288889     0.101078170917778      -0.175295286557778
23       -0.9198157096        0.028092110644           -0.9625007338
24  -0.895340042142857    -0.102971757742857      -0.956139283571429
25  -0.937187975962963     0.241697899814815       -0.96228712537037
26  -0.519636926071429        0.149852522225      -0.269481661080357
27  -0.254091927148936    -0.020494853812766      -0.264674938957447
28  0.0428533623276596   -0.0137055065085106     0.00918394264170213
29  -0.925669291136364    0.0586075165227273      -0.964440302272727
30  -0.886745170714286   -0.0169422323298214      -0.941825903035714
31  -0.962525369423077     0.292032094967308      -0.977356379807692
32  -0.421683093508772      0.20009036395614      -0.055401423331579
33  -0.222161433666667   -0.0140154345627451      -0.169868234496078
34     0.1446227570625     0.106479482332292       0.243834258785417
35  -0.939547202909091     0.128902046152727      -0.948348653636364
36   -0.94456410754386    0.0373542193561403      -0.955914005438597
37  -0.905373979824561          0.1446050868      -0.948655471052632
38  -0.351706780526316     0.172997883545614     -0.0384187298547368
39  -0.415307106666667   -0.0892278153411765       -0.45478324745098
40  0.0214440976893617   0.00380298110638298       0.067389886106383
41      -0.88691563825      -0.0112330111875      -0.970954184166667
42   -0.93728796509434   -0.0288451773293208      -0.967417888301887
43  -0.910542462919231    -0.129091025169231      -0.968066259230769
44  -0.360818978541667     0.204080887916667      -0.123834409766667
45  -0.409282851707317     0.207071289558293      -0.131850567460976
46  -0.156141093578947     0.229144569581579       0.331528459921053
47         -0.93172124     0.121543001092174      -0.980932292391304
48  -0.938628186322222     0.110646845581481      -0.979745872037037
49  -0.917257979425926    0.0484988463518519      -0.961792852407407
50  -0.513891953269231     0.161672988528846      -0.316870715576923
                      V74                         V75                  V76
1  fBodyBodyAccJerkMagStd fBodyBodyAccJerkMagMeanFreq fBodyBodyGyroMagMean
2      -0.103492403002105          0.0938221807027368   -0.199252568986316
3      -0.533059853773585           0.085352409154717   -0.325961457396226
4      -0.104052260726531          0.0764915474326531   -0.185720285744898
5      -0.981606177446808           0.351852201957447   -0.958435589361702
6      -0.992536003396226           0.422220102264151   -0.984617623396226
7           -0.9218039756               0.26639115416        -0.8621901854
8      -0.164091969449153            0.20750092670339   -0.530704814745763
9        -0.2604238389625         -0.0119168233583333   -0.450612184791667
10      0.227480732542553          0.0188355111404255   -0.320838543553191
11     -0.984124185869565           0.280062423956522   -0.971840596086956
12            -0.97516046           0.304871865218519   -0.961775904814815
13     -0.984568489166667                0.3417585745   -0.972112972708333
14    -0.0898519904044828           -0.11716398312069   -0.569755772241379
15      -0.48060920220339          0.0904944091525424   -0.514211583728814
16     -0.159102288018367          0.0434967841218367   -0.332376629371429
17     -0.966568852884615           0.286795769778846   -0.946664943653846
18      -0.94820681442623           0.129816297732787   -0.913682362622951
19     -0.975305377903226           0.238611133937097    -0.96458672483871
20           -0.320458701           0.111486484954333   -0.609285588016667
21     -0.497324087307692          0.0497462736942308   -0.575794072115385
22     -0.280426776955556          0.0926236938266667   -0.429213369555556
23          -0.9615845194               0.22719801466        -0.9487697524
24         -0.96003249875           0.201262207319643   -0.914209165714286
25     -0.958037119259259           0.274027349574074   -0.961556660185185
26     -0.305685376071429        -0.00497287788214286   -0.484262828928571
27     -0.378616675957447           0.124513300170213   -0.392564530851064
28     -0.089735699787234           0.110968064831915   -0.349338414731915
29     -0.966545323409091           0.245936717454545   -0.944760322045455
30     -0.943601960178571           0.140971600726786   -0.904543921607143
31     -0.976381934807692           0.197005001461538   -0.968257068846154
32    -0.0964999702982456        -0.00922884645438597   -0.329681123368421
33     -0.177734840922353         -0.0612378407705882   -0.230627015078431
34       0.15480886140625        -0.00160659497083333        -0.0143735434
35     -0.947304700363636           0.171844519818182   -0.929725679272727
36      -0.95538157877193           0.190943682210526   -0.926664297017544
37     -0.951552664035088           0.182525077889474   -0.930153639473684
38           -0.022138358         -0.0127446365087719   -0.192909765467895
39     -0.497441363137255          0.0458636458607843   -0.533982945882353
40      0.107856840302128         -0.0373844402161702   -0.255045057404255
41          -0.9684948675               0.18122972525   -0.933081955208333
42     -0.969092161886792           0.256759439860377    -0.93870498490566
43     -0.965359228076923           0.217605286703846   -0.941130719230769
44        -0.276436130125           0.176189876266667   -0.301241848645833
45     -0.379266499780488            0.27454925895122   -0.229610952609756
46      0.134734731236842           0.181422535965789 -0.00036272967368421
47      -0.97932021173913           0.306787560913043   -0.965806789347826
48     -0.979135440925926           0.308060633885185   -0.964564224074074
49     -0.963791094259259           0.350822601333333   -0.944528950555556
50     -0.322337536730769           0.159239938555769   -0.513797480384615
                   V77                      V78                      V79
1  fBodyBodyGyroMagStd fBodyBodyGyroMagMeanFreq fBodyBodyGyroJerkMagMean
2   -0.321017953894737        0.268844367525895       -0.319308593778947
3   -0.182985518264151       -0.219303376110566       -0.634665082075472
4   -0.398350390122449        0.349613895469388       -0.281963359177551
5   -0.932198374893617    -0.000262186717021277       -0.989797547234043
6   -0.978466072075472      -0.0286057725328302       -0.994815376981132
7       -0.82431943968            -0.1397750127            -0.9423669466
8   -0.651792839661017        0.305283825254237       -0.583249293389831
9      -0.438620401875       -0.022752769044375           -0.60079849625
10  -0.372576755361702        0.103971241706383       -0.380175306489362
11  -0.961385745217391       -0.106358909173913       -0.989861950869565
12  -0.956788725740741      -0.0661266045796296       -0.977849827407407
13      -0.96109837875         0.01856447223125       -0.990248702291667
14  -0.632643292931034        0.180946463034483       -0.607751646034483
15  -0.445181802430508       -0.177730591459322       -0.716877778644068
16  -0.322440827020408      -0.0516699550093633       -0.576277199387755
17        -0.925449629       -0.115525765230769       -0.977898105576923
18  -0.883439718032787       -0.309822161422951       -0.960331717868852
19  -0.955441855806452      -0.0229296114693548       -0.984278251290323
20  -0.593937200833333          0.0697301245295       -0.724327420666667
21  -0.552489628846154       -0.150274479246154       -0.740749226346154
22        -0.457674088       0.0600292045888889       -0.621752455777778
23       -0.9288505544           -0.20008475764            -0.9765477634
24  -0.887194404285714       -0.286128312085714       -0.964471139464286
25  -0.947100325185185       -0.259851969798148       -0.983609073333333
26  -0.589741506785714        0.250620609769643       -0.548053574821429
27  -0.440445051914894      -0.0234001987774468       -0.571344138723404
28  -0.484141274255319        0.204633757510638       -0.453697247021277
29  -0.934746865454545     -0.00578350086590909       -0.971598370227273
30  -0.868913993928571       -0.157768871232143       -0.952286438035714
31  -0.959263063269231        0.102441765923077       -0.984618025769231
32  -0.510648322631579        0.293109613491228       -0.366500534122807
33  -0.318173892545098       0.0144807316545098        -0.45923633377451
34  -0.242353857320833        0.230693028479167       -0.132705384364583
35  -0.929549141636364       0.0461735838090909             -0.952034566
36  -0.923108761578947      -0.0701196902631579       -0.955425138245614
37  -0.928694890175439        0.119317522942105       -0.953695957368421
38  -0.343894914947368        0.300315718087719       -0.155339855862632
39  -0.444994481882353       -0.165200896648451       -0.673327281960784
40  -0.396909651702128        0.235200926489362       -0.289096677191489
41     -0.895804978125       -0.142830891383333       -0.978634991458333
42  -0.919848139056604       -0.187181670020755       -0.973671168679245
43  -0.918892518653846       -0.265784491092308       -0.974117912115385
44  -0.327459577895833       0.0890005737952083       -0.473026230833333
45  -0.183325647134146       -0.128115003341463        -0.46327057804878
46  -0.255590314210526        0.267675982868421       -0.125179586744737
47  -0.953251156521739       -0.141126202673913       -0.987730604130435
48  -0.954119826296296       -0.108780315687387       -0.983709233333333
49         -0.93678697      -0.0620563752462963       -0.968403945925926
50  -0.562714528653846        0.127416241121154       -0.602581618269231
                       V80                          V81
1  fBodyBodyGyroJerkMagStd fBodyBodyGyroJerkMagMeanFreq
2       -0.381601911789474            0.190663448793684
3       -0.693930521509434            0.114277342454717
4       -0.391919876612245            0.190000706165102
5       -0.987049617234043            0.184775928085106
6       -0.994671123207547            0.334498734301887
7            -0.9326606676                0.17648590708
8       -0.558104554745763            0.126344614439492
9       -0.621820202916667           0.0467433991041667
10      -0.343698985425532          -0.0512479640553192
11      -0.989632908913043                 0.1947221493
12      -0.977754298148148            0.160662823925926
13      -0.989492660416667            0.264801505395833
14      -0.549087007931034           0.0457622957586207
15      -0.740033436271186           0.0753843584661017
16      -0.624910820612245           0.0654444360816327
17      -0.976689802692308           0.0871902338923077
18      -0.957121510491803           -0.020630781795082
19      -0.982568158064516            0.110697704185484
20      -0.757768081166667                0.26535537398
21      -0.794209483076923            0.179517012258654
22      -0.685470931777778            0.144436925733333
23           -0.9762617538                0.08593420296
24           -0.9664302175           0.0609850024464286
25      -0.982543631666667            0.202949381537037
26      -0.455665300892857              0.0527330125375
27      -0.572485019787234          0.00578631120914894
28      -0.487128422553191           0.0723815085255319
29      -0.970675403409091                0.08129013264
30      -0.946196462857143          -0.0393135966410714
31      -0.983434493076923           0.0247367106615385
32      -0.408078906482456             0.10092473178193
33      -0.455937719019608           0.0285053836466667
34      -0.145733545496458           0.0369462966260417
35      -0.951196693454545            0.121846501998182
36      -0.952088499473684           0.0276252654912281
37      -0.955504654561404             0.16376531874386
38     -0.0841663774087719         0.000880340047368421
39      -0.704090967843137            0.047334927254902
40      -0.353544695678723           0.0819463659585106
41          -0.97496593875           0.0553638918958333
42      -0.971899418301887           0.0954707400377358
43      -0.969403035384615            0.104422952923077
44      -0.581240190833333            0.294590006666667
45      -0.575733290731707            0.251663318243902
46             -0.26298447            0.242843618736842
47      -0.986147262608696            0.166638747782609
48      -0.981832336296296            0.179173689962963
49      -0.971793279814815            0.219371246142593
50      -0.624351923653846            0.243222181771154
> 
